[8, 1, -2, 15, 5, 15, 8]
[7, -2, 0, 22, 15, 8, 2]
[5, -1, 6, 15, 7, 5, -1]
[23, 15, 23, 8, 8, 23, 15]
[8, 2, 8, 8, 23, 23, 5]
[3, 8, 15, 23, 2, 8, 15]
[8, 15, 5, 23, 8, 3, 8]
-------29--------
[8, 1, -2, 15, 5, 15, 8]
[7, 6, 0, 22, 7, 8, 2]
[5, 8, 14, 23, 7, 5, -1]
[15, 15, 15, 8, 7, 15, 7]
[8, 2, 8, 8, 15, 23, 5]
[3, 8, 15, 23, 2, 8, 15]
[8, 15, 5, 23, 8, 3, 8]
-------32--------
[8, 1, -2, 15, 5, 15, 8]
[7, 6, 0, 22, 7, 8, 2]
[5, 8, 6, 23, 7, 5, -1]
[15, 15, 7, 8, 7, 15, 7]
[8, 2, 7, 8, 7, 15, 5]
[3, 8, 7, 23, 2, 8, 15]
[8, 15, 5, 23, 8, 3, 8]
-------34--------
[8, 1, 6, 8, 5, 15, 8]
[7, 6, 0, 22, 7, 8, 2]
[5, 8, 14, 23, 7, 5, 8]
[15, 15, 8, 23, 7, 15, 15]
[8, 2, 15, 8, 7, 15, 5]
[3, 8, 15, 23, 2, 8, 15]
[8, 15, 5, 23, 8, 3, 8]
-------35--------
[8, 1, -2, 7, 5, 7, 8]
[7, 6, 0, 14, 8, 7, 2]
[5, 8, 14, 15, 15, 5, 8]
[15, 15, 8, 15, 15, 15, 15]
[8, 2, 15, 8, 15, 15, 5]
[3, 8, 15, 15, 2, 8, 15]
[8, 15, 5, 15, 8, 3, 8]
-------36--------
[8, 1, 6, 8, 5, 7, 8]
[7, 6, 0, 14, 8, 7, 2]
[5, 8, 14, 15, 15, 5, 8]
[15, 15, 8, 15, 15, 15, 15]
[8, 2, 7, 7, 7, 7, 5]
[3, 8, 15, 15, 2, 8, 15]
[8, 15, 5, 15, 8, 3, 8]
-------37--------
[8, 1, 6, 8, 5, 7, 8]
[7, 6, 0, 14, 8, 7, 2]
[5, 8, 14, 15, 15, 5, 8]
[15, 15, 8, 15, 15, 15, 15]
[8, 2, 7, 7, 7, 7, 5]
[3, 8, 15, 15, 2, 8, 15]
[8, 15, 5, 15, 8, 3, 8]
-------37--------
time elapsed: 3.25215744972229
Solution: [(0, 0), (0, 3), (0, 6), (1, 4), (2, 1), (2, 6), (3, 2), (4, 0), (5, 1), (5, 5), (6, 0), (6, 4), (6, 6)]
--------Memory statistic for Heuristic solution--------
+ Total memory used for Heuristic solution: 150 KiB
+ Total number of allocations: 2636
+ The average memory usage per allocation: 58 B
--------------------------------------------------